# The modifications of the output file from Kalibr:
# 1. For each matrix (e.g. cam0/T_cam_imu), remove the brackets and minus sign for each line. Use one pair of brackets for each matrix.
# 2. Add the T_imu_body at the end of the calibration file (usually set to identity).
# T_imu_cam0
cam0:
  T_cam_imu:
  - [0.017120593599828038, 0.9987396129501911, -0.04718125474052792, -0.011545928005565175]
  - [-0.05015199201163156, 0.04798657296546621, 0.997588124684879, 0.028376452549285048]
  - [0.9985948442546924, -0.014713066951898668, 0.05091033970436826, -0.029951445100892544]
  - [0.0, 0.0, 0.0, 1.0]
  camera_model: pinhole
  distortion_coeffs: [0, 0, 0, 0]
  distortion_model: radtan
  intrinsics: [386.0863037109375, 386.0863037109375, 318.53952026, 242.0398864740938]
  resolution: [640, 480]
  rostopic: /camera/infra1/image_rect_raw
  timeshift_cam_imu: 0.003365268810109006
cam1:
  T_cam_imu:
  - [0.017120593599828038, 0.9987396129501919, -0.047181254740528034, 0.03857664969147347]
  - [-0.050151992011631674, 0.047986572965466295, 0.9975881246848798, 0.028376452549285048]
  - [0.9985948442546931, -0.014713066951898779, 0.05091033970436837, -0.029951445100892544]
  - [0.0, 0.0, 0.0, 1.0]
  T_cn_cnm1:
  - [1.0, 0.0, 0.0, 0.05012257769703865]
  - [0.0, 1.0, 0.0, 0.0]
  - [0.0, 0.0, 1.0, 0.0]
  - [0.0, 0.0, 0.0, 1.0]
  camera_model: pinhole
  distortion_coeffs: [0, 0, 0, 0]
  distortion_model: radtan
  intrinsics: [386.0863037109375, 386.0863037109375, 318.53952026, 242.0398864740938]
  resolution: [640, 480]
  rostopic: /camera/infra2/image_rect_raw
  timeshift_cam_imu: -0.01056971895184922
T_imu_body:
  [1.0000, 0.0000, 0.0000, 0.0000,
  0.0000, 1.0000, 0.0000, 0.0000,
  0.0000, 0.0000, 1.0000, 0.0000,
  0.0000, 0.0000, 0.0000, 1.0000]

