cam0:
  T_cam_imu:
  - [-0.0045815556638294785, 0.9999867132374272, -0.0023627730119359924, 0.023563419733024726]
  - [0.010506376821700025, 0.0024108033176535315, 0.9999419003489368, 0.021472071491509807]
  - [0.9999343105393368, 0.004556465293436562, -0.010517282455560079, -0.06570772763084133]
  - [0.0, 0.0, 0.0, 1.0]
  camera_model: pinhole
  distortion_coeffs: [0, 0, 0, 0]
  distortion_model: radtan
  intrinsics: [386.0863037109375, 386.0863037109375, 318.53952026, 242.0398864740938]
  resolution: [640, 480]
  rostopic: /camera/infra1/image_rect_raw
  timeshift_cam_imu: 0.0038413192268401297

cam1:
  T_cam_imu:
  - [-0.0045815556638294785, 0.9999867132374276, -0.0023627730119359924, -0.026559157964013924]
  - [0.010506376821700025, 0.0024108033176535315, 0.9999419003489373, 0.021472071491509807]
  - [0.9999343105393372, 0.004556465293436562, -0.010517282455560079, -0.06570772763084133]
  - [0.0, 0.0, 0.0, 1.0]
  T_cn_cnm1:
  - [1.0, 0.0, 0.0, -0.05012257769703865]
  - [0.0, 1.0, 0.0, 0.0]
  - [0.0, 0.0, 1.0, 0.0]
  - [0.0, 0.0, 0.0, 1.0]
  camera_model: pinhole
  distortion_coeffs: [0, 0, 0, 0]
  distortion_model: radtan
  intrinsics: [386.0863037109375, 386.0863037109375, 318.53952026, 242.0398864740938]
  resolution: [640, 480]
  rostopic: /camera/infra2/image_rect_raw
  timeshift_cam_imu: 0.00411357925594139
T_imu_body:
  [1.0000, 0.0000, 0.0000, 0.0000,
  0.0000, 1.0000, 0.0000, 0.0000,
  0.0000, 0.0000, 1.0000, 0.0000,
  0.0000, 0.0000, 0.0000, 1.0000]